id,sentiment
UR127034066,0
UR127015876,1
UR127010275,1
UR126975217,1
UR126960304,1
UR126944834,0
UR126938030,0
UR126931103,1
UR126924324,0
UR126908699,1
UR126904287,0
UR126877248,1
UR126866418,1
UR126813327,1
UR126807794,0
UR126803857,1
UR126791061,0
UR126780092,1
UR126769242,1
UR126735900,1
UR126721128,1
UR126713293,1
UR126708760,1
UR126689524,1
UR126651088,0
UR126634705,1
UR126630671,1
UR126597977,1
UR126596401,1
UR126587041,1
UR126558273,1
UR126540078,1
UR126534095,1
UR126517879,1
UR126516572,0
UR126513598,0
UR126501815,1
UR126499760,1
UR126499747,1
UR126499586,1
UR126483802,1
UR126462475,1
UR126457936,1
UR126453358,1
UR126441677,0
UR126427617,1
UR126425577,0
UR126420521,1
UR126414862,1
UR126388309,1
UR126331913,1
UR126329573,1
UR126317483,1
UR126264335,1
UR126258318,1
UR126246080,0
UR126233911,1
UR126213765,0
UR126213553,1
UR126183876,1
UR126163639,1
UR126156624,1
UR126153842,1
UR126116142,1
UR126115934,1
UR126105309,0
UR126103337,1
UR126081672,1
UR126072610,0
UR126006786,0
UR125990359,1
UR125983480,1
UR125974832,1
UR125962178,0
UR125953708,1
UR125944412,1
UR125903400,1
UR125870741,1
UR125828584,1
UR125811356,1
UR125809738,1
UR125805200,1
UR125802316,1
UR125800256,0
UR125764964,1
UR125761212,0
UR125728993,1
UR125715564,1
UR125692245,1
UR125672744,1
UR125672258,1
UR125668881,0
UR125656111,1
UR125642108,1
UR125623263,1
UR125617595,0
UR125572252,1
UR125564316,1
UR125560177,1
UR125559867,1
UR125553804,1
UR125508182,1
UR125507350,1
UR125476867,0
UR125476456,1
UR125460836,1
UR125458524,1
UR125428666,0
UR125426869,1
UR125402973,1
UR125398309,0
UR125360651,0
UR125336676,0
UR125317797,1
UR125307971,1
UR125301862,1
UR125298613,1
UR125289822,1
UR125250546,1
UR125242751,1
UR125205594,1
UR125160844,0
UR125148659,1
UR125148187,1
UR125141838,1
UR125141195,0
UR125097103,1
UR125093236,1
UR125072337,0
UR125061257,1
UR125057737,1
UR125053298,1
UR125048729,0
UR125032096,1
UR125024300,1
UR125023835,1
UR125022955,1
UR125011723,0
UR125008624,1
UR125006713,1
UR124996727,1
UR124974313,0
UR124969405,1
UR124947343,1
UR124946020,1
UR124932569,0
UR124920754,1
UR124911832,0
UR124903329,0
UR124885056,1
UR124879427,1
UR124852992,1
UR124833668,1
UR124830595,1
UR124829349,1
UR124828949,1
UR124823225,1
UR124820548,1
UR124812027,1
UR124775397,0
UR124775296,1
UR124744422,1
UR124743261,1
UR124735223,0
UR124724455,0
UR124675610,1
UR124673031,0
UR124660260,1
UR124647323,1
UR124637366,1
UR124636709,1
UR124615595,1
UR124614360,1
UR124602056,1
UR124569519,0
UR124551650,0
UR124544463,0
UR124472996,1
UR124439816,0
UR124438244,0
UR124434384,1
UR124428357,0
UR124423031,1
UR124385933,1
UR124375387,0
UR124357316,1
UR124355632,1
UR124348930,0
UR124346213,1
UR124279055,1
UR124270745,1
UR124211907,1
UR124180708,1
UR124177144,1
UR124174239,1
UR124158935,1
UR124151713,1
UR124113195,1
UR124103269,1
UR124102616,1
UR124097073,0
UR124072958,0
UR124068912,1
UR124044136,1
UR124042000,0
UR123972199,1
UR123959779,0
UR123949297,1
UR123948259,0
UR123907986,1
UR123906439,1
UR123894335,0
UR123893709,1
UR123887225,1
UR123882634,0
UR123877265,1
UR123876055,1
UR123850246,1
UR123849474,0
UR123847759,0
UR123845071,1
UR123809274,1
UR123785815,1
UR123762966,1
UR123683691,1
UR123668085,0
UR123655723,1
UR123632154,1
UR123598553,1
UR123580876,1
UR123576591,1
UR123572097,1
UR123571048,1
UR123553977,1
UR123548923,1
UR123524811,1
UR123523760,0
UR123516285,1
UR123476813,0
UR123476174,1
UR123474284,0
UR123445282,1
UR123445214,1
UR123437036,1
UR123423598,1
UR123417070,1
UR123416034,1
UR123384806,0
UR123381666,1
UR123363595,1
UR123356334,1
UR123337385,0
UR123330462,0
UR123296521,1
UR123279332,1
UR123263205,1
UR123248823,1
UR123232719,1
UR123227978,1
UR123205205,0
UR123189140,1
UR123185641,0
UR123174368,1
UR123166588,1
UR123139602,1
UR123131555,1
UR123127209,1
UR123092847,1
UR123051613,0
UR123044542,1
UR123043559,1
UR123031831,1
UR123008239,0
UR122965930,1
UR122953184,1
UR122941679,1
UR122935945,1
UR122904772,1
UR122899978,1
UR122898305,1
UR122873402,0
UR122849560,1
UR122792248,1
UR122780886,0
UR122779616,1
UR122774736,1
UR122764193,1
UR122759740,1
UR122751971,0
UR122727836,1
UR122724940,0
UR122720143,1
UR122719102,0
UR122676980,1
UR122672241,1
UR122663148,1
UR122652028,1
UR122626392,1
UR122614922,1
UR122608622,1
UR122606848,1
UR122536808,1
UR122531612,1
UR122510509,1
UR122480678,1
UR122473922,1
UR122473265,1
UR122459750,1
UR122448619,0
UR122446331,1
UR122435293,0
UR122432035,1
UR122385506,0
UR122305273,0
UR122302299,1
UR122294558,0
UR122288011,1
UR122261735,1
UR122259763,0
UR122246898,1
UR122246503,1
UR122222319,1
UR122213551,1
UR122178884,1
UR122171761,1
UR122169945,1
UR122169031,0
UR122165961,1
UR122152647,1
UR122089135,1
UR122070921,1
UR122052925,1
UR122026308,1
UR121995539,0
UR121990172,1
UR121970397,1
UR121966645,1
UR121959166,0
UR121957451,0
UR121956977,0
UR121954240,1
UR121918265,0
UR121917131,1
UR121905106,1
UR121901032,0
UR121885744,0
UR121874877,1
UR121849433,1
UR121807876,1
UR121802369,1
UR121801080,1
UR121787324,0
UR121783070,0
UR121764235,1
UR121758268,1
UR121719766,0
UR121713585,1
UR121703280,0
UR121679167,1
UR121637316,1
UR121632829,1
UR121603219,1
UR121597059,1
UR121574568,0
UR121569478,1
UR121555892,0
UR121548307,1
UR121531107,0
UR121527215,0
UR121519948,0
UR121502554,0
UR121502363,1
UR121495698,0
UR121492352,0
UR121469216,1
UR121460632,1
UR121451500,0
UR121411385,1
UR121396623,1
UR121370464,1
UR121370070,0
UR121356691,0
UR121339037,0
UR121304453,1
UR121296379,1
UR121254913,1
UR121254225,1
UR121216147,1
UR121197116,1
UR121177586,1
UR121171350,0
UR121166344,1
UR121158671,1
UR121142999,0
UR121139466,1
UR121137077,1
UR121131163,1
UR121108216,1
UR121107289,0
UR121072416,1
UR121060029,1
UR121024620,1
UR121003803,0
UR120999010,1
UR120990745,0
UR120964364,0
UR120957954,0
UR120933780,0
UR120893799,0
UR120876439,0
UR120873501,1
UR120838779,1
UR120831389,1
UR120805173,1
UR120795432,1
UR120787528,1
UR120779535,1
UR120765579,1
UR120758222,1
UR120739352,1
UR120724563,0
UR120706345,0
UR120700322,1
UR120690501,0
UR120687148,1
UR120682338,1
UR120675047,1
UR120669615,1
UR120669312,0
UR120641293,1
UR120628333,1
UR120621907,1
UR120617623,1
UR120601493,1
UR120596068,1
UR120594982,1
UR120593242,1
UR120581592,0
UR120559277,0
UR120544114,1
UR120501022,0
UR120476068,1
UR120465419,0
UR120460408,1
UR120447541,1
UR120446389,0
UR120445776,1
UR120440811,0
UR120430371,1
UR120417964,1
UR120396837,1
UR120384613,1
UR120358819,1
UR120339198,1
UR120335919,1
UR120332342,1
UR120325777,1
UR120323251,0
UR120262757,1
UR120262050,1
UR120251157,0
UR120236722,1
UR120221851,1
UR120214419,0
UR120205345,1
UR120199756,0
UR120184161,0
UR120182775,1
UR120175771,1
UR120156454,0
UR120121792,1
UR120113167,1
UR120094652,1
UR120087445,0
UR120082485,0
UR120071995,1
UR120070926,0
UR120057567,1
UR120047277,1
UR120045767,0
UR120022445,1
UR120004509,1
UR119994169,1
UR119993821,1
UR119986728,1
UR119985268,1
UR119966432,1
UR119965233,1
UR119953155,1
UR119944168,1
UR119941423,0
UR119937805,1
UR119919586,1
UR119910125,1
UR119906028,1
UR119895891,1
UR119889204,1
UR119878177,0
UR119862158,1
UR119860711,0
UR119849070,0
UR119843557,0
UR119832032,1
UR119814803,1
UR119812177,1
UR119798170,1
UR119791740,0
UR119787810,1
UR119785395,1
UR119776671,1
UR119773797,1
UR119764716,1
UR119723837,0
UR119711795,0
UR119711758,1
UR119702263,1
UR119674765,1
UR119649056,1
UR119642182,1
UR119637910,0
UR119632874,0
UR119616126,1
UR119606811,1
UR119603992,0
UR119557959,1
UR119490203,1
UR119485459,1
UR119483599,1
UR119482220,1
UR119481208,0
UR119459378,1
UR119456269,1
UR119454245,0
UR119448838,0
UR119439398,0
UR119436842,1
UR119416857,1
UR119395389,1
UR119383956,1
UR119380583,1
UR119374499,1
UR119363055,1
UR119356451,0
UR119354520,1
UR119351853,0
UR119341211,1
UR119339912,1
UR119324404,1
UR119321812,1
UR119318428,1
UR119311061,1
UR119302475,1
UR119289316,1
UR119248193,1
UR119246151,1
UR119241474,1
UR119237282,1
UR119233332,0
UR119231257,1
UR119230932,0
UR119227640,0
UR119212888,1
UR119207387,1
UR119202249,1
UR119193596,1
UR119156218,1
UR119151860,1
UR119135877,1
UR119126848,1
UR119110918,1
UR119106898,1
UR119084489,0
UR119083714,1
UR119076610,1
UR119073029,1
UR119033451,1
UR119030582,1
UR119022461,1
UR119020699,0
UR119015596,1
UR119012895,1
UR119007960,1
UR118996437,1
UR118996280,0
UR118992678,1
UR118974277,0
UR118945117,1
UR118936376,1
UR118936044,1
UR118912645,0
UR118910196,1
UR118908864,0
UR118905898,0
UR118860717,0
UR118850332,1
UR118844935,0
UR118833592,1
UR118822304,1
UR118784164,1
UR118770191,1
UR118765614,1
UR118757849,1
UR118753675,1
UR118730838,0
UR118702238,1
UR118665622,1
UR118662935,0
UR118637077,1
UR118633726,1
UR118604994,1
UR118601541,1
UR118595961,1
UR118586945,1
UR118583687,1
UR118572025,1
UR118561630,1
UR118552091,1
UR118516013,1
UR118515633,1
UR118512531,1
UR118511921,1
UR118504320,1
UR118503703,1
UR118498706,1
UR118497540,1
UR118461756,1
UR118454067,0
UR118444456,1
UR118444202,1
UR118416747,1
UR118415235,1
UR118413520,1
UR118410045,1
UR118337956,0
UR118323657,1
UR118307305,0
UR118294664,1
UR118270754,1
UR118263731,0
UR118255621,1
UR118253933,0
UR118245875,1
UR118238388,1
UR118235338,1
UR118228243,1
UR118215514,1
UR118212119,1
UR118204272,0
UR118201657,1
UR118184282,1
UR118179022,0
UR118176953,0
UR118165979,0
UR118152785,0
UR118146064,1
UR118142838,1
UR118136847,0
UR118127493,1
UR118126798,1
UR118115021,1
UR118106603,1
UR118092974,1
UR118092933,0
UR118092874,1
UR118085999,1
UR118079003,1
UR118075597,1
UR118072395,1
UR118063594,1
UR118043530,1
UR118039452,1
UR118038096,1
UR118037668,1
UR118036055,1
UR118033086,1
UR118032463,1
UR118032213,1
UR118022467,1
UR118020272,1
UR118018673,1
UR118016424,1
UR118000572,1
UR117999899,1
UR117994124,1
UR117991343,1
UR117989065,1
UR117984545,1
UR117983823,0
UR117982323,0
UR117968563,1
UR117968398,0
UR117963017,1
UR117956947,0
UR117953578,1
UR117952645,1
UR117950728,1
UR117913467,1
UR117894132,0
UR117886373,1
UR117852133,1
UR117848906,0
UR117845138,1
UR117842093,0
UR117841342,1
UR117839496,1
UR117831971,0
UR117814699,1
UR117812694,0
UR117807009,1
UR117803053,1
UR117802946,1
UR117777938,1
UR117770498,0
UR117725006,1
UR117721938,1
UR117721836,1
UR117717523,1
UR117701020,0
UR117695947,1
UR117681470,1
UR117675079,1
UR117649291,1
UR117647867,1
UR117644872,0
UR117642218,1
UR117636376,0
UR117628025,0
UR117625854,1
UR117602684,0
UR117579212,1
UR117577289,0
UR117569580,1
UR117563486,1
UR117559376,1
UR117559341,1
UR117554344,0
UR117519409,1
UR117492222,1
UR117491314,1
UR117471764,0
UR117470111,1
UR117440590,0
UR117416859,1
UR117415083,1
UR117406678,1
UR117399452,0
UR117397877,1
UR117396103,1
UR117378456,1
UR117374549,1
UR117360008,1
UR117337099,1
UR117329216,1
UR117294782,1
UR117294675,1
UR117289663,0
UR117277778,1
UR117263319,1
UR117239870,0
UR117239809,1
UR117235256,1
UR117229787,0
UR117229573,1
UR117210028,1
UR117204697,0
UR117171485,1
UR117155475,1
UR117151714,1
UR117148130,1
UR117112140,0
UR117100195,1
UR117088559,1
UR117053337,1
UR117006379,1
UR117003762,1
UR116983711,1
UR116964564,1
UR116954098,1
UR116952367,1
UR116951390,1
UR116920556,0
UR116894563,1
UR116892354,1
UR116877968,0
UR116877653,1
UR116867763,1
UR116855127,1
UR116826498,1
UR116825358,1
UR116773646,1
UR116773381,1
UR116745171,1
UR116706656,1
UR116669496,1
UR116668915,0
UR116661081,1
UR116657514,1
UR116634990,1
UR116632442,0
UR116630230,1
UR116622313,1
UR116614052,1
UR116571883,1
UR116568557,1
UR116567291,1
UR116537141,0
UR116519538,1
UR116508139,1
UR116481838,1
UR116458093,1
UR116450025,1
UR116433035,1
UR116408072,1
UR116391004,1
UR116383155,1
UR116342300,1
UR116308007,1
UR116289672,1
UR116285921,0
UR116277573,1
UR116274994,0
UR116266293,1
UR116264314,1
UR116262323,1
UR116261085,1
UR116257084,1
UR116250958,1
UR116222830,1
UR116222071,1
UR116170876,1
UR116169875,0
UR116169550,1
UR116137117,1
UR116123637,1
UR116105264,1
UR116087603,1
UR116086209,1
UR116077439,1
UR116069912,1
UR116066248,0
UR116033415,1
UR116010140,0
UR116005475,1
UR115998905,1
UR115998269,1
UR115984331,1
UR115974679,1
UR115971086,1
UR115970937,1
UR115966850,1
UR115964502,1
UR115962364,0
UR115953373,1
UR115949781,1
UR115948563,1
UR115941132,0
UR115936249,1
UR115933406,1
UR115933203,1
UR115932751,1
UR115931351,1
UR115925484,0
UR115922228,1
UR115921820,1
UR115920197,1
UR115916147,1
UR115915277,0
UR115901274,0
UR115899659,1
UR115897143,1
UR115891723,1
UR115879318,1
UR115877940,1
UR115861325,1
UR115859106,1
UR115825694,0
UR115802055,1
UR115772033,1
UR115770048,0
UR115740242,1
UR115736981,1
UR115734801,1
UR115729660,1
UR115725475,1
UR115720139,1
UR115708064,1
UR115694484,1
UR115679429,1
UR115656064,0
UR115637162,1
UR115632358,1
UR115628526,1
UR115626292,1
UR115592801,1
UR115583438,1
UR115581501,1
UR115580818,0
UR115546806,0
UR115527395,1
UR115526277,0
UR115517125,1
UR115483924,1
UR115481899,1
UR115469311,1
UR115465655,1
UR115441885,1
UR115439956,0
UR115431097,1
UR115421028,1
UR115403954,0
UR115399971,0
UR115397614,0
UR115388622,1
UR115347089,1
UR115324224,0
UR115324120,1
UR115318451,1
UR115288986,1
UR115268106,0
UR115266598,0
UR115265128,0
UR115248488,0
UR115229886,0
UR115229071,1
UR115221423,1
UR115172399,1
UR115172346,1
UR115170882,0
UR115169555,1
UR115154044,1
UR115129715,0
UR115128029,0
UR115127725,1
UR115123865,1
UR115122187,0
UR115118117,1
UR115112811,0
UR115102987,1
UR115094732,1
UR115089712,1
UR115055028,1
UR115015117,1
UR115014756,1
UR114995372,1
UR114977422,1
UR114965262,0
UR114963292,0
UR114953155,1
UR114937177,1
UR114921921,1
UR114917893,1
UR114910938,0
UR114889475,1
UR114885031,1
UR114876318,1
UR114868258,1
UR114862169,1
UR114812984,1
UR114809908,1
UR114809132,0
UR114808724,1
UR114791602,1
UR114776745,0
UR114773490,1
UR114768143,1
UR114749817,1
UR114748202,1
UR114747151,0
UR114732901,0
UR114695756,0
UR114692010,0
UR114686062,1
UR114646812,1
UR114608074,1
UR114588428,1
UR114556692,1
UR114363149,0
UR114262237,1
UR114216849,1
UR114131902,0
UR114130214,1
UR113960497,0
UR113945599,1
UR113916598,1
UR113912260,1
UR113883408,0
UR113870920,1
UR113870434,1
UR113867904,0
UR113832212,0
UR113828272,1
UR113766332,1
UR113729755,1
UR113693975,1
UR113578453,1
UR113573706,0
UR113523498,0
UR113461586,0
UR113437520,0
UR113393548,1
UR113346347,1
UR113320428,1
UR113310474,1
UR113299359,0
UR113294375,1
UR113279295,1
UR113254506,1
UR113247343,1
UR113168792,0
UR113145305,1
UR113133720,1
UR113130914,1
UR113087400,1
UR112977766,1
UR112969597,0
UR112966965,1
UR112922858,0
UR112831354,1
UR112772658,1
UR112669542,0
UR112659988,0
UR112583960,1
UR112563644,1
UR112562597,1
UR112517968,1
UR112496223,1
UR112453695,1
UR112442696,1
UR112430352,1
UR112342747,1
UR112342502,1
UR112340138,0
UR112316720,0
UR112099795,1
UR112082810,1
UR112053673,0
UR112014618,1
UR111846269,1
UR111843735,1
UR111838970,0
UR111783965,1
UR111699590,1
UR111682004,1
UR111632278,1
UR111568476,1
UR111504544,1
UR111490079,1
UR111471133,1
UR111447775,1
UR111425872,1
UR111362705,1
UR111361958,1
UR111345757,1
UR111179160,0
UR111149991,0
UR111089364,1
UR111027476,0
UR110857952,1
UR110852791,0
UR110820208,0
UR110777102,1
UR110631471,1
UR110618054,0
UR110589166,0
UR110571193,1
UR110537209,0
UR110486369,0
UR110401463,1
UR110166523,0
UR110046638,1
UR110038588,1
UR110019717,1
UR110002378,1
UR109973031,1
UR109944194,1
UR109918541,0
UR109859458,1
UR109741158,1
UR109725540,1
UR109690316,0
UR109681334,1
UR109393629,1
UR109317698,0
UR109304401,1
UR109252858,1
UR109225282,1
UR109186774,0
UR109183805,0
UR109149209,1
UR109088904,0
UR109085964,0
UR108790943,1
UR108680720,1
UR108656450,1
UR108649359,1
UR108642809,1
UR108574026,0
UR108542536,1
UR108539372,0
UR108503148,1
UR108432288,1
UR108347514,1
UR108311942,0
UR108252508,1
UR108238263,1
UR108225095,0
UR108183638,0
UR108176622,1
UR108009044,1
UR107911428,1
UR107716278,1
UR107565761,1
UR107551598,0
UR107374494,1
UR107292580,0
UR107130300,1
UR107114586,1
UR106990449,1
UR106904965,1
UR106894083,1
UR106886306,1
UR106807498,1
UR106722522,1
UR106660114,1
UR106570563,1
UR106375501,1
UR106218730,1
UR106198645,1
UR106152734,1
UR106033825,1
UR106007163,1
UR105999998,0
UR105988621,1
UR105895597,1
UR105884408,0
UR105854311,1
UR105820873,0
UR105782387,1
UR105679186,1
UR105625366,0
UR105623388,1
UR105473869,1
UR105406498,1
UR105330568,1
UR105326816,1
UR105171198,1
UR105162074,1
UR105159271,1
UR105045115,0
UR104659874,1
UR104578244,1
UR104563854,1
UR104435614,1
UR104426344,1
UR104313708,1
UR104284649,1
UR104164670,1
UR104049351,1
UR103985813,1
UR103978653,1
UR103948474,0
UR103866468,1
UR103816599,1
UR103803908,1
UR103689005,1
UR103611856,0
UR103599060,1
UR103551677,1
UR103530755,0
UR103444980,1
UR103443698,1
UR103416312,1
UR103336069,1
UR103257442,1
UR103231384,1
UR103224697,0
UR103175441,1
UR103152678,1
UR103103935,1
UR103089423,1
UR103070014,1
UR102891521,0
UR102701074,1
UR102649298,1
UR102559936,1
UR102543768,1
UR102511355,0
UR102490298,1
UR102384946,1
UR102250749,1
UR102120636,0
UR102110039,1
UR102095779,1
UR101876084,1
UR101867216,0
UR101795621,1
UR101790601,0
UR101749680,1
UR101623813,0
UR101586035,0
UR101580251,1
UR101477592,0
UR101453529,1
UR101436450,1
UR101417079,1
UR101227765,1
UR101209147,1
UR101135828,1
UR101007162,1
UR100917778,1
UR100847371,0
UR100773438,1
UR100769179,0
UR100685910,1
UR100635288,1
UR100551377,0
UR100544068,1
UR100421242,0
UR100396330,1
UR100346068,1
UR100261790,0
UR100166718,0
UR100139314,0
UR100104361,1
UR100052589,1
UR99921219,1
UR99900774,0
UR99893914,0
UR99889682,1
UR99712626,0
UR99664896,1
UR99526397,1
UR99454940,0
UR99328035,0
UR99277869,1
UR99226115,1
UR99209080,1
UR98903394,1
UR98888244,1
UR98887660,1
UR98850489,1
UR98721486,1
UR98597573,1
UR98590355,1
UR98575280,0
UR98567922,1
UR98544854,0
UR98471698,0
UR98460655,0
UR98425605,1
UR98418551,1
UR98344872,1
UR98264141,1
UR98085733,1
UR98072777,1
UR98026327,0
UR97964127,1
UR97842602,1
UR97765619,0
UR97762955,1
UR97741405,0
UR97680698,0
UR97617508,1
UR97555531,1
UR97387168,1
UR97232812,1
UR97187056,1
UR97160550,1
UR97052273,0
UR97005421,0
UR96983488,0
UR96938955,1
UR96934956,0
UR96914873,0
UR96861688,1
UR96629550,0
UR96622341,1
UR96517544,1
UR96379190,1
UR96301917,1
UR96269351,1
UR96180001,1
UR96145656,0
UR96095497,1
UR96088664,1
UR96062067,1
UR95863428,1
UR95760932,1
UR95616482,0
UR95503642,1
UR95434285,1
UR95420957,1
UR95348582,1
UR95130000,1
UR95089181,0
UR95016859,0
UR95005896,1
UR94862243,1
UR94797368,1
UR94772571,1
UR94746131,0
UR94621368,1
UR94532320,0
UR94490134,0
UR94435492,0
UR94292260,0
UR94282149,1
UR94276215,0
UR94253904,1
UR94100267,1
UR93969964,1
UR93955053,1
UR93781250,1
UR93565410,1
UR93371897,0
UR93289582,1
UR93258139,1
UR93095456,0
UR92920970,1
UR92881026,1
UR92832250,1
UR92776794,1
UR92774296,0
UR92745504,1
UR92709435,1
UR92611159,1
UR92473273,1
UR92445928,1
UR92397997,1
UR92232249,1
UR92119329,0
UR92036890,0
UR91991790,1
UR91983343,1
UR91864404,1
UR91842427,1
UR91583384,0
UR91473959,1
UR91448979,1
UR91435852,1
UR91375242,1
UR91340950,0
UR91302692,0
UR91154153,1
UR91063441,0
UR90938101,1
UR90937208,1
UR90932579,1
UR90881994,1
UR90832201,1
UR90816136,0
UR90802049,0
UR90760577,1
UR90701843,1
UR90687158,1
UR90585676,0
UR90578099,1
UR90466447,1
UR90207863,1
UR90192191,1
UR90184848,1
UR90113218,1
UR90067155,0
UR90027409,1
UR90026476,1
UR89974105,1
UR89955747,0
UR89863786,1
UR89791043,1
UR89768250,0
UR89767529,0
UR89672130,1
UR89550915,0
UR89263193,1
UR89203393,1
UR89184755,1
UR89113022,1
UR89040524,0
UR89038331,0
UR89015221,0
UR88955601,1
UR88902462,1
UR88819086,0
UR88801351,1
UR88708504,1
UR88704774,0
UR88669200,1
UR88606847,1
UR88504537,1
UR88294830,1
UR88276741,1
UR88271060,1
UR88194096,1
UR88127659,1
UR88099365,0
UR87869425,1
UR87858413,1
UR87828870,1
UR87821278,1
UR87790751,0
UR87711640,1
UR87632053,1
UR87629429,1
UR87585921,1
UR87517992,0
UR87443930,1
UR87434793,1
UR87366626,1
UR87334211,1
UR87310496,1
UR87287231,1
UR86968569,1
UR86962786,1
UR86791496,0
UR86775549,1
UR86583781,0
UR86566282,1
UR86419871,0
UR86314064,0
UR86292273,1
UR86190079,1
UR86098089,1
UR86067832,1
UR85804852,1
UR85796117,0
UR85601756,1
UR85565404,1
UR85547346,1
UR85521413,0
UR85490525,0
UR85489398,0
UR85478364,1
UR85414607,1
UR85377741,1
UR85342527,0
UR85328412,1
UR85296601,1
UR85174236,1
UR85134904,0
UR85095554,1
UR85058846,0
UR84983126,1
UR84940310,1
UR84926228,1
UR84892108,1
UR84809382,0
UR84773070,0
UR84764845,0
UR84692622,1
UR84638088,1
UR84597837,1
UR84581098,1
UR84575460,1
UR84521448,1
UR84501427,1
UR84473859,0
UR84457047,1
UR84393726,1
UR84375973,1
UR84369897,1
UR84347936,0
UR84232834,1
UR84154928,1
UR84123624,0
UR84060902,1
UR83978063,1
UR83971582,0
UR83925851,1
UR83921235,0
UR83882789,0
UR83874589,1
UR83849817,1
UR83836769,1
UR83712793,1
UR83689221,1
UR83667497,1
UR83624944,1
UR83496665,1
UR83424958,1
UR83378686,1
UR83355914,1
UR83324475,1
UR83322702,1
UR83320635,1
UR83309120,0
UR83230297,1
UR83203019,1
UR83184017,0
UR83172771,1
UR83122643,1
UR83054107,1
UR83041380,1
UR82998923,1
UR82916460,1
UR82879046,1
UR82846272,0
UR82805056,0
UR82768501,1
UR82693111,1
UR82663209,1
UR82649384,1
UR82641737,0
UR82640626,1
UR82635911,1
UR82635805,1
UR82540957,1
UR82527664,1
UR82518594,0
UR82510045,1
UR82384747,1
UR82270329,1
UR82259982,0
UR82239444,1
UR82049097,1
UR82014587,1
UR82005584,1
UR81984636,1
UR81952464,0
UR81915151,1
UR81881872,1
UR81875559,1
UR81780078,1
UR81716627,1
UR81692061,1
UR81682524,1
UR81618144,1
UR81614938,1
UR81552723,1
UR81541764,1
UR81464940,1
UR81401276,1
UR81400829,1
UR81377575,1
UR81348993,1
UR81342734,1
UR81281562,0
UR81276387,1
UR81084490,1
UR81047214,0
UR80976686,1
UR80947401,1
UR80906308,1
UR80862746,1
UR80859675,1
UR80857499,0
UR80791287,1
UR80736186,1
UR80723080,1
UR80696697,0
UR80652212,1
UR80633454,1
UR80542531,0
UR80541213,1
UR80462898,1
UR80448736,1
UR80424445,0
UR80418431,1
UR80345859,1
UR80315454,1
UR80285433,1
UR80230201,0
UR80051457,1
UR79868697,1
UR79793831,1
UR79734716,1
UR79645938,1
UR79640554,1
UR79581629,0
UR79565882,1
UR79438260,1
UR79362448,1
UR79353463,1
UR79220856,1
UR79106610,1
UR79070650,1
UR79065989,1
UR79030379,1
UR78852862,1
UR78720352,1
UR78720216,0
UR78711945,1
UR78651480,0
UR78647640,1
UR78555227,1
UR78554707,0
UR78370637,1
UR78269794,1
UR78211540,0
UR78151954,1
UR78034668,1
UR78017110,0
UR77996385,1
UR77849414,0
UR77750630,1
UR77665748,1
UR77656001,1
UR77605498,1
UR77560142,1
UR77547177,0
UR77500684,1
UR77480703,1
UR77294442,1
UR77277719,1
UR77264971,0
UR77246781,0
UR77222997,1
UR77213275,0
UR77163219,0
UR77149074,1
UR77054315,1
UR77020145,0
UR77015660,1
UR76934979,1
UR76849121,1
UR76693658,1
UR76594055,1
UR76570601,1
UR76471467,1
UR76412443,0
UR76402904,0
UR76359508,1
UR76218846,0
UR76082982,0
UR76068774,1
UR76032677,0
UR75951026,1
UR75922903,0
UR75788429,1
UR75699173,1
UR75478587,1
UR75389803,0
UR75166875,0
UR75098812,1
UR74987448,0
UR74974190,1
UR74962666,1
UR74901833,1
UR74815777,0
UR74766920,0
UR74702267,0
UR74635193,1
UR74517071,1
UR74513757,0
UR74490435,1
UR74445718,0
UR74344267,1
UR74301386,1
UR74210845,1
UR74185844,0
UR73980797,1
UR73974976,1
UR73963449,1
UR73961142,1
UR73880948,1
UR73811755,0
UR73753060,1
UR73662393,1
UR73538629,1
UR73466829,1
UR73455966,1
UR73446494,1
UR73321313,1
UR73232911,1
UR73149153,1
UR73107596,1
UR73026359,0
UR72937210,0
UR72930224,1
UR72908543,1
UR72880308,1
UR72599814,1
UR72541975,1
UR72532227,1
UR72479172,0
UR72467151,1
UR72440565,0
UR72407204,1
UR72260578,0
UR72146779,1
UR72104808,1
UR72098054,1
UR72026174,0
UR71976384,0
UR71924261,0
UR71835016,1
UR71681202,1
UR71665866,0
UR71658549,1
UR71536613,1
UR71466215,1
UR71422051,0
UR71316792,0
UR71300031,1
UR71263523,1
UR71169759,1
UR71160729,0
UR71158690,1
UR70975004,1
UR70878673,1
UR70859422,1
UR70838269,0
UR70791364,1
UR70706230,0
UR70699585,0
UR70664783,0
UR70622942,1
UR70556233,1
UR70517692,1
UR70495640,1
UR70437151,0
UR70255049,1
UR70223063,1
UR70153590,0
UR70018649,0
UR69969851,1
UR69903969,1
UR69900994,1
UR69816882,0
UR69776692,1
UR69628839,0
UR69574661,0
UR69479530,0
UR69476709,1
UR69474498,1
UR69399626,0
UR69160591,0
UR69031495,0
UR68955835,0
UR68890096,1
UR68877344,1
UR68780977,1
UR68725330,1
UR68659584,0
UR68521949,1
UR68497442,1
UR68487273,0
UR68415152,1
UR68385397,1
UR68359724,1
UR68335092,1
UR68322430,1
UR68273170,1
UR68234607,1
UR68232867,1
UR68215803,1
UR68168972,0
UR67948735,1
UR67847136,1
UR67828631,0
UR67789752,1
UR67760778,0
UR67730559,0
UR67510736,0
UR67310352,1
UR67298245,0
UR67283951,1
UR67236916,1
UR67220484,1
UR67207631,0
UR67141091,1
UR67128045,1
UR67085413,0
UR67070806,0
UR66969146,0
UR66796023,1
UR66737190,0
UR66670043,0
UR66664306,1
UR66590122,1
UR66456376,1
UR66363903,1
UR66258410,1
UR66246783,1
UR66106487,1
UR66100165,1
UR66051990,1
UR65841705,1
UR65820003,1
UR65810978,0
UR65778486,1
UR65762789,1
UR65516077,1
UR65512390,1
UR65493259,0
UR65476625,1
UR65388386,1
UR65328581,1
UR65289621,1
UR65288739,1
UR65262962,1
UR65226675,0
UR65221798,1
UR65107681,0
UR65097585,1
UR64962829,1
UR64956317,0
UR64895166,1
UR64598592,1
UR64496273,1
UR64495784,1
UR64455789,1
UR64442700,1
UR64422594,0
UR64293405,0
UR64157729,0
UR64137244,1
UR64122865,1
UR64078458,1
UR64062564,0
UR64001654,1
UR63933969,1
UR63930627,0
UR63927796,1
UR63846389,0
UR63835678,1
UR63795830,1
UR63776886,0
UR63584313,1
UR63579745,0
UR63432568,1
UR63153648,1
UR63128149,1
UR63084569,1
UR63081433,0
UR62957010,1
UR62812030,1
UR62807927,0
UR62803820,1
UR62785178,0
UR62756495,1
UR62687262,1
UR62628914,0
UR62628018,1
UR62559829,1
UR62551927,0
UR62348382,1
UR62271136,0
UR62195403,0
UR62157248,1
UR62002542,1
UR61992869,1
UR61868137,1
UR61851520,1
UR61771381,1
UR61762440,0
UR61705237,1
UR61693864,0
UR61613422,1
UR61387109,1
UR61380012,1
UR61376277,1
UR61316466,1
UR61315802,1
UR61238314,1
UR61092480,0
UR61059321,1
UR61052589,1
UR61009772,1
UR61005633,1
UR60995752,1
UR60865435,0
UR60851830,1
UR60842347,1
UR60739660,1
UR60724114,1
UR60602376,1
UR60562713,1
UR60491955,1
UR60491073,0
UR60297015,1
UR60219835,0
UR60208136,1
UR60060048,1
UR60034899,1
UR59967164,1
UR59881007,0
UR59809745,1
UR59614006,0
UR59606728,1
UR59552166,0
UR59523834,0
UR59463375,1
UR59315918,1
UR59304411,1
UR59234396,0
UR59075168,1
UR59072511,1
UR58985072,0
UR58896590,1
UR58842997,0
UR58790741,0
UR58747697,1
UR58743108,0
UR58712613,1
UR58685450,1
UR58675626,1
UR58664114,1
UR58642236,1
UR58577218,1
UR58512319,1
UR58419409,1
UR58263734,1
UR58228416,1
UR58099384,1
UR58075045,1
UR58042245,1
UR58038381,1
UR58016310,0
UR57996860,0
UR57870794,0
UR57829603,0
UR57761507,1
UR57729049,1
UR57712012,1
UR57674141,0
UR57641150,1
UR57638124,0
UR57525177,1
UR57496526,1
UR57455258,1
UR57441088,1
UR57427847,1
UR57391135,1
UR57381051,1
UR57360287,1
UR57353462,1
UR57346807,1
UR57341375,1
UR57338615,1
UR57276849,1
UR57259957,1
UR57249755,1
UR57240877,1
UR57209290,1
UR57201705,1
UR57144703,1
UR57110305,1
UR57104585,1
UR57104320,1
UR57078048,1
UR57076363,1
UR57026667,1
UR57023766,1
UR57022950,1
UR57016820,0
UR56948965,1
UR56925952,1
UR56925900,1
UR56923939,1
UR56821239,1
UR56810107,0
UR56807322,1
UR56763701,1
UR56648664,1
UR56588571,0
UR56543882,1
UR56508235,1
UR56322928,1
UR56309692,0
UR56300559,1
UR56233249,1
UR56190268,1
UR56184645,1
UR56182477,1
UR56110935,1
UR56091441,1
UR56073735,1
UR56063257,1
UR55993309,1
UR55968182,1
UR55857542,1
UR55818560,1
UR55776220,1
UR55748481,1
UR55738404,0
UR55735518,0
UR55681922,1
UR55580632,1
UR55523880,1
UR55452331,1
UR55430445,1
UR55338263,1
UR55279318,1
UR55250218,1
UR55220130,1
UR55146598,1
UR55143847,1
UR55096041,1
UR55049903,1
UR54950244,1
UR54882679,1
UR54730762,0
UR54698569,1
UR54567947,1
UR54549894,1
UR54525538,1
UR54507002,1
UR54459714,1
UR54453626,1
UR54447631,1
UR54417934,0
UR54395010,0
UR54358325,1
UR54327894,1
UR54306879,1
UR54191271,0
UR54187413,0
UR54128830,1
UR54126973,0
UR54049811,1
UR53994571,1
UR53982410,0
UR53951288,1
UR53881158,1
UR53866928,1
UR53813071,0
UR53807250,1
UR53786474,1
UR53691917,1
UR53638521,1
UR53604766,1
UR53498570,1
UR53483742,1
UR53446706,1
UR53411098,1
UR53298347,1
UR53266774,1
UR53212977,0
UR53196680,1
UR53058842,0
UR53021304,1
UR52947501,0
UR52883267,1
UR52675135,1
UR52671295,1
UR52505370,1
UR52472518,1
UR52373058,1
UR52354155,1
UR52338183,0
UR52308880,0
UR52263520,1
UR52209099,1
UR52142191,0
UR52134533,0
UR52080947,0
UR52055860,1
UR52034946,0
UR52015381,1
UR51980921,1
UR51980378,1
UR51861736,0
UR51845496,0
UR51798150,1
UR51704460,0
UR51675738,0
UR51656004,1
UR51629015,1
UR51586204,1
UR51571189,0
UR51566598,1
UR51481634,1
UR51454309,0
UR51404336,1
UR51396698,1
UR51371066,1
UR51366807,1
UR51271384,1
UR51233694,1
UR51190596,1
UR51188515,1
UR51184416,1
UR51117416,1
UR51066299,0
UR51048316,1
UR51021370,1
UR50994878,0
UR50942905,1
UR50933010,0
UR50885980,1
UR50883116,1
UR50860802,1
UR50824219,1
UR50785059,1
UR50765688,1
UR50723076,1
UR50691208,1
UR50687218,0
UR50673747,1
UR50578758,0
UR50561501,1
UR50556878,1
UR50541975,1
UR50299514,1
UR50274209,0
UR50248081,1
UR50243221,0
UR50161060,1
UR50134600,1
UR50062784,1
UR50035924,0
UR49968451,0
UR49965031,1
UR49917235,1
UR49900854,1
UR49770510,1
UR49650022,1
UR49589352,1
UR49588065,0
UR49575216,1
UR49564384,0
UR49529712,0
UR49251254,1
UR49178257,1
UR49013144,1
UR48980611,1
UR48942238,1
UR48832650,1
UR48778129,0
UR48698253,0
UR48642318,1
UR48623104,1
UR48589372,0
UR48573782,1
UR48559149,1
UR48495970,1
UR48491785,1
UR48491389,1
UR48482093,1
UR48421270,1
UR48395921,1
UR48342235,0
UR48332020,1
UR48276080,1
UR48211906,0
UR48153771,1
UR48098164,1
UR48060894,1
UR48057733,1
UR47985633,0
UR47947452,1
UR47902135,1
UR47877997,0
UR47842960,0
UR47793044,1
UR47781296,1
UR47748880,1
UR47736245,1
UR47655732,0
UR47582748,1
UR47569401,1
UR47529130,1
UR47500027,1
UR47477001,1
UR47379165,1
UR47355167,1
UR47353863,1
UR47283711,1
UR47269435,1
UR47259735,0
UR47185634,1
UR47156025,1
UR47069745,1
UR47049945,1
UR47043381,0
UR46967681,1
UR46967098,1
UR46930488,1
UR46854276,1
UR46827241,1
UR46799913,1
UR46790108,1
UR46778944,1
UR46710037,0
UR46654951,0
UR46650141,1
UR46611614,1
UR46570736,0
UR46529877,1
UR46506331,1
UR46494243,1
UR46463469,1
UR46448826,1
UR46435649,1
UR46417922,1
UR46408891,1
UR46401991,1
UR46371595,1
UR46367851,1
UR46356490,1
UR46337227,1
UR46331162,1
UR46326554,1
UR46306829,1
UR46299429,1
UR46290111,1
UR46289029,1
UR46283794,1
UR46281941,1
UR46266886,1
UR46244981,1
UR46230158,1
UR46226810,1
UR46225890,1
UR46214580,1
UR46211614,1
UR46210704,1
UR46209677,0
UR46207658,1
UR46166305,1
UR46144895,1
UR46133546,0
UR46126280,1
UR46119602,1
UR46057367,1
UR46052081,0
UR46029566,1
UR45994132,1
UR45977105,1
UR45965588,1
UR45954296,0
UR45882945,1
UR45859023,1
UR45850222,1
UR45847193,0
UR45797958,0
UR45795741,1
UR45756871,0
UR45755707,1
UR45681781,1
UR45675748,1
UR45675295,1
UR45638713,0
UR45505975,1
UR45462466,1
UR45462319,0
UR45447202,1
UR45442556,1
UR45432495,0
UR45418408,1
UR45407036,1
UR45193749,1
UR45060689,1
UR44999088,1
UR44975740,1
UR44798130,1
UR44712234,1
UR44480061,1
UR44400594,0
UR44266312,0
UR44208956,1
UR43719260,1
UR43686927,1
UR43472596,1
UR43360996,1
UR43239064,0
UR43141564,0
UR43068345,0
UR42822214,1
UR42818478,1
UR42806024,1
UR42646570,1
UR42520047,1
UR42489447,1
UR42475743,1
UR42256463,1
UR42239111,1
UR42218623,1
UR42006220,0
UR41669276,0
UR41524058,1
UR41447446,1
UR41380661,1
UR41135060,1
UR41097047,1
UR40885505,0
UR40698963,0
UR40626876,0
UR40491648,1
UR40445977,1
UR40381332,0
UR40258626,1
UR40188525,0
UR40010601,0
UR39960576,1
UR39907049,1
UR39896334,1
UR39863060,1
UR39847060,1
UR39723097,0
UR39710061,1
UR39638991,1
UR39638952,1
UR39606609,0
UR39593679,1
UR39546524,1
UR39487118,1
UR39357170,1
UR39354686,0
UR39308463,1
UR39289471,1
UR39195367,1
UR39192251,1
UR39179216,0
UR39067800,1
UR38994529,1
UR38967877,1
UR38920765,0
UR38880416,0
UR38784247,1
UR38770641,1
UR38659739,0
UR38657960,1
UR38512712,0
UR38500814,0
UR38459543,1
UR38396426,1
UR38363875,1
UR38330212,1
UR38266723,1
UR38252412,1
UR38024277,1
UR37993941,0
UR37971313,1
UR37901542,0
UR37889090,1
UR37830430,1
UR37804878,0
UR37803994,1
UR37785167,0
UR37739768,0
UR37600450,1
UR37580342,1
UR37547681,1
UR37536047,1
UR37534357,1
UR37534240,1
UR37462169,1
UR37407972,1
UR37394450,1
UR37389080,0
UR37299584,1
UR37299168,1
UR37277616,0
UR37210212,1
UR37168038,1
UR37113456,1
UR37105079,1
UR37098051,1
UR37030475,1
UR37017822,1
UR36970601,1
UR36891092,0
UR36876921,1
UR36851386,0
UR36831030,1
UR36823309,0
UR36757579,1
UR36737553,1
UR36724608,1
UR36708839,1
UR36630128,1
UR36623191,1
UR36621993,1
UR36537037,0
UR36450235,1
UR36449107,1
UR36327313,1
UR36267360,0
UR36032185,1
UR35997017,0
UR35948628,1
UR35814833,1
UR35702987,1
UR35620152,1
UR35614615,1
UR35601676,1
UR35557676,0
UR35549852,1
UR35484205,1
UR35464645,1
UR35428153,1
UR35424806,0
UR35385119,0
UR35383054,1
UR35333261,1
UR35320906,1
UR35294278,1
UR35291769,0
UR35212163,1
UR35210062,1
UR35198482,1
UR35180977,0
UR35130441,0
UR35115399,0
UR35005139,1
UR34998178,1
UR34975828,1
UR34967885,1
UR34968081,1
UR34945732,1
UR34924298,0
UR34918935,1
UR34911786,1
UR34887029,1
UR34861720,1
UR34842185,1
UR34835415,1
UR34834623,1
UR34803118,1
UR34762532,1
UR34747050,1
UR34740721,1
UR34593268,1
UR34537287,0
UR34431442,1
UR34392863,1
UR34276142,1
UR34254590,1
UR34191236,1
UR34168596,1
UR34110485,1
UR34073900,0
UR34050017,1
UR34038365,1
UR33987974,1
UR33945674,1
UR33938172,0
UR33904074,0
UR33832208,0
UR33814183,1
UR33777630,1
UR33765287,0
UR33722176,0
UR33640266,1
UR33636212,0
UR33626472,1
UR33608222,0
UR33585774,1
UR33482133,1
UR33469580,0
UR33459098,1
UR33454631,1
UR33438640,1
UR33430945,1
UR33405209,1
UR33399074,1
UR33332134,1
UR33311669,1
UR33225950,1
UR33185247,1
UR33140313,1
UR33103196,1
UR33059131,1
UR33043738,1
UR32968325,1
UR32960118,1
UR32901274,0
UR32886770,1
UR32867574,1
UR32849385,1
UR32707384,0
UR32700135,1
UR32694334,0
UR32689324,1
UR32646130,1
UR32636533,1
UR32623490,0
UR32600708,1
UR32429329,1
UR32426120,0
UR32404594,1
UR32364276,1
UR32316648,0
UR32314665,1
UR32213293,1
UR32208500,1
UR32174373,1
UR32119076,1
UR32078297,1
UR32066368,0
UR31982415,1
UR31981331,1
UR31962739,0
UR31953175,1
UR31929338,1
UR31926298,1
UR31889360,0
UR31871894,1
UR31813143,1
UR31801343,1
UR31763751,1
UR31679748,1
UR31611573,1
UR31581641,1
UR31529944,1
UR31520699,1
UR31439914,1
UR31416140,1
UR31404222,1
UR31354931,1
UR31330504,1
UR31294992,1
UR31276620,1
UR31257807,1
UR31250942,0
UR31232662,1
UR31095819,1
UR31046495,0
UR30992435,1
UR30980095,1
UR30975482,1
UR30964464,0
UR30860726,1
UR30833755,1
UR30808571,1
UR30802766,1
UR30720391,1
UR30712563,0
UR30707814,1
UR30693864,1
UR30651178,0
UR30644332,1
UR30641894,1
UR30625160,1
UR30602724,1
UR30584850,1
UR30527968,0
UR30491894,1
UR30482931,1
UR30474012,0
UR30438118,0
UR30393819,1
UR30329641,1
UR30328865,1
UR30310747,1
UR30249673,0
UR30189103,0
UR30161300,0
UR30121944,0
UR30103191,1
UR30059825,1
UR30034485,1
UR30030879,0
UR29993873,1
UR29930910,0
UR29928305,0
UR29921481,0
UR29918686,0
UR29824653,1
UR29800320,1
UR29727075,1
UR29689349,1
UR29598341,1
UR29566156,1
UR29565913,1
UR29554402,1
UR29412580,1
UR29407335,1
UR29405750,1
UR29380565,1
UR29339891,1
UR29335513,1
UR29282848,1
UR29254376,0
UR29234316,1
UR29207751,0
UR29198005,0
UR29003619,1
UR28970694,1
UR28963021,0
UR28927093,1
UR28908834,1
UR28886589,1
UR28885807,1
UR28875328,1
UR28819925,1
UR28793991,1
UR28792313,1
UR28775015,1
UR28761517,1
UR28662525,0
UR28659573,1
UR28636973,1
UR28585269,1
UR28538533,1
UR28528562,1
UR28522392,1
UR28502114,1
UR28453738,1
UR28441230,1
UR28380689,0
UR28351818,0
UR28224021,1
UR28187540,0
UR28182517,1
UR28152139,1
UR28128919,1
UR28118571,0
UR28112052,1
UR27963258,1
UR27948799,1
UR27938259,0
UR27929350,0
UR27925270,1
UR27830252,1
UR27812441,1
UR27807285,1
UR27787937,1
UR27753532,1
UR27666315,0
UR27647891,1
UR27618779,1
UR27543172,0
UR27538177,1
UR27445031,1
UR27393729,1
UR27376862,1
UR27372034,1
UR27322362,1
UR27320901,1
UR27291966,1
UR27255366,0
UR27255361,1
UR27229567,0
UR27204346,1
UR27170394,1
UR27064697,0
UR27040320,0
UR27028797,1
UR27025960,1
UR26991326,1
UR26990453,0
UR26980459,1
UR26980285,0
UR26958020,0
UR26903182,1
UR26886703,1
UR26872234,1
UR26839803,0
UR26829657,0
UR26750110,1
UR26696057,0
UR26692273,1
UR26668043,0
UR26651941,0
UR26559652,0
UR26538590,1
UR26529722,1
UR26477926,1
UR26467835,1
UR26350167,1
UR26311033,1
UR26301326,1
UR26284003,1
UR26225698,1
UR26194201,0
UR26173289,1
UR26136388,1
UR26070615,1
UR26028386,0
UR25944746,1
UR25888191,0
UR25870151,0
UR25866891,1
UR25760278,0
UR25726034,0
UR25712341,1
UR25708435,1
UR25611310,1
UR25609536,1
UR25602879,1
UR25552823,1
UR25402295,1
UR25391992,1
UR25370082,1
UR25357939,1
UR25237933,1
UR25227940,1
UR25213608,1
UR25194162,1
UR25149633,1
UR25147618,1
UR25042856,1
UR25040167,1
UR25010385,1
UR24994525,1
UR24968868,1
UR24908128,0
UR24875292,0
UR24834321,1
UR24822289,0
UR24741928,0
UR24687429,1
UR24661981,1
UR24649575,1
UR24634893,0
UR24600084,1
UR24589205,0
UR24586261,1
UR24578945,1
UR24487652,1
UR24461550,1
UR24410983,1
UR24406678,1
UR24382722,1
UR24372799,1
UR24351764,1
UR24348671,0
UR24343469,1
UR24334567,0
UR24203140,1
UR24187595,1
UR24172048,1
UR24170351,1
UR24101331,1
UR24098015,1
UR24076195,1
UR24069124,1
UR24044954,1
UR24034567,1
UR23986704,0
UR23960908,0
UR23943296,1
UR23911429,1
UR23833730,1
UR23831118,1
UR23792049,0
UR23760212,1
UR23740873,1
UR23703487,0
UR23696036,0
UR23636784,1
UR23563829,1
UR23551803,0
UR23552127,1
UR23543803,1
UR23516316,0
UR23483524,1
UR23468019,0
UR23449333,1
UR23411914,1
UR23403639,1
UR23402545,1
UR23397882,1
UR23390125,0
UR23377748,1
UR23369002,1
UR23363792,0
UR23293252,1
UR23252433,0
UR23236430,1
UR23228138,1
UR23198894,1
UR23172902,0
UR23163520,1
UR23128147,1
UR23101718,1
UR23059753,1
UR23051729,1
UR23043282,0
UR23014986,1
UR22990373,1
UR22978827,1
UR22926485,0
UR22877375,1
UR22750125,1
UR22711407,1
UR22675251,0
UR22661790,0
UR22637960,1
UR22598624,1
UR22524776,1
UR22443812,1
UR22431073,1
UR22426373,1
UR22307945,1
UR22227068,0
UR22163589,1
UR22107277,0
UR22098037,1
UR22032719,0
UR22029430,0
UR22001389,1
UR21976888,1
UR21960314,0
UR21934175,1
UR21911074,0
UR21887204,1
UR21879469,0
UR21858971,1
UR21798076,0
UR21796972,0
UR21774739,1
UR21760499,1
UR21745751,1
UR21682921,1
UR21606141,1
UR21565169,1
UR21563409,0
UR21545346,1
UR21478642,1
UR21470809,0
UR21467641,0
UR21449550,1
UR21398429,1
UR21347038,1
UR21336179,1
UR21335560,1
UR21321239,1
UR21306746,1
UR21300543,1
UR21299683,1
UR21217190,0
UR21181443,1
UR21162713,1
UR21158276,1
UR21155911,1
UR21124322,1
UR21122011,1
UR21117532,1
UR21108446,1
UR21108221,1
UR21099478,1
UR21082078,1
UR21048066,1
UR21035318,1
UR21033008,1
UR21030652,0
UR20999429,1
UR20994079,1
UR20955882,0
UR20954928,1
UR20941349,1
UR20894986,1
UR20882415,1
UR20881684,1
UR20873211,0
UR20862137,1
UR20842155,0
UR20830150,1
UR20776623,0
UR20771564,1
UR20768696,1
UR20755702,0
UR20706279,0
UR20687672,1
UR20684955,1
UR20664896,1
UR20614239,1
UR20580434,1
UR20565439,1
UR20562153,1
UR20525880,1
UR20513329,1
UR20509561,1
UR20506896,1
UR20488740,0
UR20477686,1
UR20469382,1
UR20455985,1
UR20450655,1
UR20448476,1
UR20386944,1
UR20365764,1
UR20349377,1
UR20345560,1
UR20338998,1
UR20331120,1
UR20286752,1
UR20285981,1
UR20261345,1
UR20243696,1
UR20214741,1
UR20214043,1
UR20211120,0
UR20188015,1
UR20177895,1
UR20177328,1
UR20173041,1
UR20168545,1
UR20156311,1
UR20137148,0
UR20126627,1
UR20122488,1
UR20087633,1
UR20081262,1
UR20061904,1
UR20056014,1
UR20044871,1
UR20043551,0
UR20035435,1
UR20011011,1
UR19978546,1
UR19973902,1
UR19972916,1
UR19969511,1
UR19955323,1
UR19924653,0
UR19878632,1
UR19859048,1
UR19827466,1
UR19811484,1
UR19806290,1
UR19801450,0
UR19753094,1
UR19743703,1
UR19737689,1
UR19724234,1
UR19676238,1
UR19664467,1
UR19653834,1
UR19627773,1
UR19624657,0
UR19591577,1
UR19591059,1
UR19584382,0
UR19552828,1
UR19522514,1
UR19482023,0
UR19465334,1
UR19433018,0
UR19401127,1
UR19396047,1
UR19381011,0
UR19335677,1
UR19328234,1
UR19314579,1
UR19309284,1
UR19286308,1
UR19284935,1
UR19284437,0
UR19280465,1
UR19215462,1
UR19210901,1
UR19208523,0
UR19157636,1
UR19123835,1
UR19122010,1
UR19118613,1
UR19111825,1
UR19094265,1
UR19081687,1
UR19052523,0
UR19019500,1
UR19001283,0
UR18986557,1
UR18976152,1
UR18958662,1
UR18932220,1
UR18903975,1
UR18881696,1
UR18876585,1
UR18870030,1
UR18863580,1
UR18860561,1
UR18848537,0
UR18842324,1
UR18824788,0
UR18819953,1
UR18818107,1
UR18794559,1
UR18788414,0
UR18780147,0
UR18776115,1
UR18735841,1
UR18724829,1
UR18719381,0
UR18676719,1
UR18662838,1
UR18650476,1
UR18648909,1
UR18645618,1
UR18618544,1
UR18614810,1
UR18550187,1
UR18469971,1
UR18445527,0
UR18440026,1
UR18409780,1
UR18402349,1
UR18369857,0
UR18356942,1
UR18340466,1
UR18336317,1
UR18218685,1
UR18202871,1
UR18202040,1
UR18171502,1
UR18105536,1
UR18100835,1
UR18073178,1
UR17997805,1
UR17950016,1
UR17919155,0
UR17880456,1
UR17864586,1
UR17826669,1
UR17824720,1
UR17823042,1
UR17806187,1
UR17792893,0
UR17790886,0
UR17744787,1
UR17738387,1
UR17698431,1
UR17686730,1
UR17636086,1
UR17591434,1
UR17548027,0
UR17539309,1
UR17412727,0
UR17401528,1
UR17361316,1
UR17346450,1
UR17312483,1
UR17291191,1
UR17231361,1
UR17213237,1
UR17187014,1
UR17162817,1
UR17139031,1
UR17123885,1
UR17108129,1
UR17105432,1
UR17086868,0
UR17079932,1
UR17079415,0
UR17070535,1
UR17033622,1
UR17014633,1
UR16978866,1
UR16973743,1
UR16909300,0
UR16889236,1
UR16884629,1
UR16878974,1
UR16830352,1
UR16828080,1
UR16825201,1
UR16812923,1
UR16784525,1
UR16763143,1
UR16758322,1
UR16755703,1
UR16703312,1
UR16682586,1
UR16656018,1
UR16627840,0
UR16599149,1
UR16553633,1
UR16549449,1
UR16545677,1
UR16510192,1
UR16503358,1
UR16489473,1
UR16481620,0
UR16415684,1
UR16393782,1
UR16368437,0
UR16358521,1
UR16334996,1
UR16325580,1
UR16319515,1
UR16306541,1
UR16245816,0
UR16221900,1
UR16217072,1
UR16213767,1
UR16182232,0
UR16174987,1
UR16171956,1
UR16169577,0
UR16138236,1
UR16122652,1
UR16098845,0
UR16051764,1
UR16015202,1
UR16012455,1
UR15975951,1
UR15946032,1
UR15821003,1
UR15819111,0
UR15816728,1
UR15810490,0
UR15768097,1
UR15760699,1
UR15754204,1
UR15752871,1
UR15725387,1
UR15706975,1
UR15694934,1
UR15655473,0
UR15630165,1
UR15592879,1
UR15562847,0
UR15558417,1
UR15550107,1
UR15518639,1
UR15517021,1
UR15507519,1
UR15505537,1
UR15472810,1
UR15429826,1
UR15401582,1
UR15372286,1
UR15369421,1
UR15364511,1
UR15360757,1
UR15358796,0
UR15294659,1
UR15284078,1
UR15276751,0
UR15189183,1
UR15177849,1
UR15133973,0
UR15133041,1
UR15115357,1
UR15092768,1
UR15087070,1
UR15061002,1
UR15038503,1
UR15015283,1
UR14964802,0
UR14944522,1
UR14878087,1
UR14874885,1
UR14854841,0
UR14848071,1
UR14840083,1
UR14828142,1
UR14811676,0
UR14775274,1
UR14719216,1
UR14717321,1
UR14714222,1
UR14699832,0
UR14667315,0
UR14665260,1
UR14663857,1
UR14644567,1
UR14609626,1
UR14609417,1
UR14605287,1
UR14600899,0
UR14579370,1
UR14559640,1
UR14558961,1
UR14554325,0
UR14528970,1
UR14512982,1
UR14504668,1
UR14501023,0
UR14479571,1
UR14438564,1
UR14438096,0
UR14436137,1
UR14415213,1
UR14395529,1
UR14386350,1
UR14372910,1
UR14360578,1
UR14349602,1
UR14347291,1
UR14345767,1
UR14331697,1
UR14294449,1
UR14293577,1
UR14281841,1
UR14233404,1
UR14230351,1
UR14175679,1
UR14159692,1
UR14115785,1
UR14087882,0
UR14078806,1
UR14049697,1
UR14045557,1
UR14028836,1
UR14013515,1
UR13982415,1
UR13962294,1
UR13960834,1
UR13953653,1
UR13953174,1
UR13914723,1
UR13913291,0
UR13911686,1
UR13902305,0
UR13859620,1
UR13856592,1
UR13853047,1
UR13846772,1
UR13821660,1
UR13813797,1
UR13790823,0
UR13781402,0
UR13754157,0
UR13704956,1
UR13704971,1
UR13693559,1
UR13664488,1
UR13657757,1
UR13647050,0
UR13634001,0
UR13605958,1
UR13599094,0
UR13592069,1
UR13583024,1
UR13561456,0
UR13549168,0
UR13530485,1
UR13508558,0
UR13399208,1
UR13387395,1
UR13386112,1
UR13372304,1
UR13353022,1
UR13327612,1
UR13317185,1
UR13296197,1
UR13260441,1
UR13251066,1
UR13211708,1
UR13204965,0
UR13186900,1
UR13177065,1
UR13164039,1
UR13155733,0
UR13146849,1
UR13122654,1
UR13086294,1
UR13079631,1
UR13057231,1
UR13015401,1
UR12991698,1
UR12942681,0
UR12890168,1
UR12856698,1
UR12845870,1
UR12803608,1
UR12797178,1
UR12790485,0
UR12772664,1
UR12750340,1
UR12727689,1
UR12726522,1
UR12721076,1
UR12707925,1
UR12698707,1
UR12626788,1
UR12608826,1
UR12601297,1
UR12562454,1
UR12533746,1
UR12533254,0
UR12523942,1
UR12435803,1
UR12431494,1
UR12429612,1
UR12417819,1
UR12400797,1
UR12395646,1
UR12387212,1
UR12370286,1
UR12364073,1
UR12326202,0
UR12324888,1
UR12322170,1
UR12297567,1
UR12281272,0
UR12277137,1
UR12276514,1
UR12216099,1
UR12175287,1
UR12166886,0
UR12159818,1
UR12111128,1
UR12102227,1
UR12083874,0
UR12049423,1
UR11994566,1
UR11972470,1
UR11949087,1
UR11946440,0
UR11910592,1
UR11895406,1
UR11878370,0
UR11702375,1
UR11675002,1
UR11651764,1
UR11649960,1
UR11615438,0
UR11599196,1
UR11599089,1
UR11580497,0
UR11509765,1
UR11484232,1
UR11455030,1
UR11326655,0
UR11287364,1
UR11238931,0
UR11230747,0
UR11220730,1
UR11202019,1
UR11184036,1
UR11166576,1
UR11153023,0
UR11145375,1
UR11109532,1
UR11100460,1
UR11099340,1
UR11077437,0
UR11034299,0
UR11012943,1
UR11007327,0
UR10980298,1
UR10940974,1
UR10932390,1
UR10923221,0
UR10918666,1
UR10812181,1
UR10801517,1
UR10732859,1
UR10678313,1
UR10618139,1
UR10609802,1
UR10601771,1
UR10559739,1
UR10529067,1
UR10492624,1
UR10486724,0
UR10437319,1
UR10418519,1
UR10399451,1
UR10392786,1
UR10386516,1
UR10325952,1
UR10320870,1
UR10319219,1
UR10316332,1
UR10290698,1
UR10272999,0
UR10206787,0
UR10202059,1
UR10166358,1
UR10145887,1
UR10093388,1
UR10088818,1
UR10081848,0
UR10078715,0
UR10075282,0
UR10073717,0
UR10066982,1
UR10064719,1
UR10063695,1
UR10063164,1
UR10060627,0
UR10059286,1
UR10058337,1
UR10058083,1
UR10055583,1
UR10055535,1
UR10053866,0
UR10051756,0
UR10044915,1
UR10042611,1
UR10042473,1
UR10040704,1
UR10036506,1
UR10036020,1
UR10034647,0
UR10032656,0
UR10027077,1
UR10023486,1
UR10021065,0
UR10018722,1
UR10012526,0
UR10008135,0
UR10001208,1
UR8885868,1
UR8852934,1
UR8852838,1
UR8828661,1
UR8753715,1
UR8739035,1
UR8738618,1
UR8738499,0
UR8735948,0
UR8720571,1
UR8719724,1
UR8719283,1
UR8718271,1
UR8716717,1
UR8716688,1
UR8712289,1
UR8707441,1
UR8703206,0
UR8700731,1
UR8695964,1
UR8693888,1
UR8692590,0
UR8685762,0
UR8682739,0
UR8676821,1
UR8667073,1
UR8662533,1
UR8661637,1
UR8661246,1
UR8655401,1
UR8655103,1
UR8654901,1
UR8654637,1
UR8619017,1
UR8613822,0
UR8609933,1
UR8605262,1
UR8590636,1
UR8579765,0
UR8550851,1
UR8537480,0
UR8524503,1
UR8521905,0
UR8516770,1
UR8510843,1
UR8505027,0
UR8497667,1
UR8496939,1
UR8496892,1
UR8458597,1
UR8457617,1
UR8449532,0
UR8448246,0
UR8445966,0
UR8428833,1
UR8427756,1
UR8421148,1
UR8398996,1
UR8392768,1
UR8392304,1
UR8384149,1
UR8380361,1
UR8373159,1
UR8370821,1
UR8369242,0
UR8363024,1
UR8359789,1
UR8359595,0
UR8351951,0
UR8280299,1
UR8272940,1
UR8271086,1
UR8267054,1
UR8245033,1
UR8238923,1
UR8238881,1
UR8237807,0
UR8224921,1
UR8222914,1
UR8222220,1
UR8222121,1
UR8216264,1
UR8213490,0
UR8212395,1
UR8211527,1
UR8203687,1
UR8191935,1
UR8191721,1
UR8141017,1
UR8139149,0
UR8138430,0
UR8133309,1
UR8132058,0
UR8126604,1
UR8124179,1
UR8112313,1
UR8111109,1
UR8103321,1
UR8102181,1
UR8087987,1
UR8086576,0
UR8074340,1
UR8072758,1
UR8070518,1
UR8068533,1
UR8064181,1
UR8062035,1
UR8053246,0
UR8052308,1
UR8051435,1
UR8042061,1
UR8041607,1
UR8039975,1
UR8023186,1
UR8019479,0
UR8018555,1
UR8016350,1
UR8005000,1
UR7999994,1
UR7999816,1
UR7986872,1
UR7971017,1
UR7953414,1
UR7953147,1
UR7953061,1
UR7940757,1
UR7939826,1
UR7937838,1
UR7937659,1
UR7936425,1
UR7927300,1
UR7925651,1
UR7925225,1
UR7869116,1
UR7858063,1
UR7857920,1
UR7857488,1
UR7847653,1
UR7845142,1
UR7841713,1
UR7834923,1
UR7833877,1
UR7831558,1
UR7827740,0
UR7805514,1
UR7795729,1
UR7790387,1
UR7780572,1
UR7770663,1
UR7749918,1
UR7729341,0
UR7726789,0
UR7723620,0
UR7709891,1
UR7701095,1
UR7699557,1
UR7673847,1
UR7671662,1
UR7657110,1
UR7641598,1
UR7637246,0
UR7636186,1
UR7633378,1
UR7594682,1
UR7594489,1
UR7589261,1
UR7589026,1
UR7572894,1
UR7571167,1
UR7566594,1
UR7565649,1
UR7556716,1
UR7556235,1
UR7554776,0
UR7554158,1
UR7552427,1
UR7548656,1
UR7541091,1
UR7540526,0
UR7491599,1
UR7482562,0
UR7474834,1
UR7462676,1
UR7431639,1
UR7430404,0
UR7403769,1
UR7402657,1
UR7394724,1
UR7394551,1
UR7391647,1
UR7381126,1
UR7375339,1
UR7367053,1
UR7347303,1
UR7344212,1
UR7341770,1
UR7341581,1
UR7338016,1
UR7330524,1
UR7302836,1
UR7301668,0
UR7293042,0
UR7281962,1
UR7271544,1
UR7269789,1
UR7267651,1
UR7267606,0
UR7265809,0
UR7247216,1
UR7230628,1
UR7203228,1
UR7202447,0
UR7201924,1
UR7186500,1
UR7186332,1
UR7184653,1
UR7166183,0
UR7161928,1
UR7156119,0
UR7155348,1
UR7154360,1
UR7153270,0
UR7011937,1
UR7010257,1
UR6998053,1
UR6935399,1
UR6919569,1
UR6911555,1
UR6908458,1
UR6898951,1
UR6898765,1
UR6898581,0
UR6893712,1
UR6852323,1
UR6850304,1
UR6849631,1
UR6837839,1
UR6833626,1
UR6832973,0
UR6828023,1
UR6826498,1
UR6822989,1
UR6812632,0
UR6805535,1
UR6800625,0
UR6788126,1
UR6781923,1
UR6775467,1
UR6763485,0
UR6761528,1
UR6751868,1
UR6750226,1
UR6746835,0
UR6745855,1
UR6744980,1
UR6726630,1
UR6726485,1
UR6717838,0
UR6710146,0
UR6687011,1
UR6642622,1
UR6641012,1
UR6640135,1
UR6635491,1
UR6634449,0
UR6629012,1
UR6628521,1
UR6619371,1
UR6616570,0
UR6594918,1
UR6594613,1
UR6594062,0
UR6588838,1
UR6572858,0
UR6568908,1
UR6568156,1
UR6566973,1
UR6564461,1
UR6560359,1
UR6558688,1
UR6553010,0
UR6550823,1
UR6550624,1
UR6534335,1
UR6520363,1
UR6510135,0
UR6509497,0
UR6505385,0
UR6504315,1
UR6491208,0
UR6490700,0
UR6490480,1
UR6477502,1
UR6449098,0
UR6440733,1
UR6439645,0
UR6438636,1
UR6359367,0
UR6352794,1
UR6348538,1
UR6344467,0
UR6315340,1
UR6313802,1
UR6305728,0
UR6230896,1
UR6180867,0
UR6177390,0
UR6165979,1
UR6163003,1
UR6161004,1
UR6158102,0
UR6140541,1
UR6120454,1
UR6106970,1
UR6106056,0
UR6104484,1
UR6100125,1
UR6093315,1
UR6082630,1
UR6060719,0
UR6060690,1
UR6055145,1
UR6043785,0
UR6042790,1
UR6035712,1
UR6034751,1
UR6027342,0
UR6027124,1
UR6024870,1
UR6018020,1
UR6014141,1
UR6013706,1
UR6012648,1
UR5985130,1
UR5975745,1
UR5970581,1
UR5968254,1
UR5959246,1
UR5954542,1
UR5954302,1
UR5948131,1
UR5946076,1
UR5944286,1
UR5938724,1
UR5936964,1
UR5934437,1
UR5931512,1
UR5923215,0
UR5921279,0
UR5912070,1
UR5898087,0
UR5897109,1
UR5896422,1
UR5888963,1
UR5882959,1
UR5836211,1
UR5825225,1
UR5823408,1
UR5817793,1
UR5816460,1
UR5814163,0
UR5802596,1
UR5802204,0
UR5800643,1
UR5798922,1
UR5795203,1
UR5794510,1
UR5794369,1
UR5791144,0
UR5774756,1
UR5774386,1
UR5766424,1
UR5762529,1
UR5722527,1
UR5717536,0
UR5716670,1
UR5715011,1
UR5709013,1
UR5706808,0
UR5703254,1
UR5700950,1
UR5700310,1
UR5639093,0
UR5628723,1
UR5627448,1
UR5624728,0
UR5621246,0
UR5616511,0
UR5611972,0
UR5606471,1
UR5597518,1
UR5597038,1
UR5593700,1
UR5561519,1
UR5545629,1
UR5543045,0
UR5540536,0
UR5534735,0
UR5534709,0
UR5527935,0
UR5521526,1
UR5516007,0
UR5513226,1
UR5510172,1
UR5509849,0
UR5502276,1
UR5498510,0
UR5497866,1
UR5497190,1
UR5482532,1
UR5480875,1
UR5480728,0
UR5478157,1
UR5478092,0
UR5472231,1
UR5469955,1
UR5465092,1
UR5448097,1
UR5439828,1
UR5437926,0
UR5434589,1
UR5431365,1
UR5428489,0
UR5422524,0
UR5421902,0
UR5416843,1
UR5413903,0
UR5413514,1
UR5409520,1
UR5405223,1
UR5405218,0
UR5393380,0
UR5383102,1
UR5376647,1
UR5376347,1
UR5376244,1
UR5371769,1
UR5371071,0
UR5363945,1
UR5362216,1
UR5361795,1
UR5354668,1
UR5352656,1
UR5348612,1
UR5336072,1
UR5332640,0
UR5330874,1
UR5330361,1
UR5328502,1
UR5326487,1
UR5323266,1
UR5318440,1
UR5316318,0
UR5299205,1
UR5298737,1
UR5295424,1
UR5294521,1
UR5293770,1
UR5293095,0
UR5289080,0
UR5286698,1
UR5232541,1
UR5230671,0
UR5228090,1
UR5227460,0
UR5222856,1
UR5225824,1
UR5226815,1
UR5226685,1
UR5205025,0
UR5192212,1
UR5187276,0
UR5184975,0
UR5149076,1
UR5147308,1
UR5144814,1
UR5143569,1
UR5067876,1
UR5065725,1
UR5055957,1
UR5055385,1
UR5044966,1
UR5044486,1
UR5039046,1
UR5038595,1
UR5032278,1
UR5024842,1
UR5022097,1
UR5019123,1
UR5014587,0
UR5013166,1
UR5012419,1
UR5008911,1
UR4997662,1
UR4992311,1
UR4987285,0
UR4987132,1
UR4983228,1
UR4978412,1
UR4978219,1
UR4976484,1
UR4966096,1
UR4956641,1
UR4956316,1
UR4949861,1
UR4943693,1
UR4942031,1
UR4941477,0
UR4831681,1
UR4829604,1
UR4826957,1
UR4826266,1
UR4825676,1
UR4824095,1
UR4773141,1
UR4742338,1
UR4742261,0
UR4738660,1
UR4735077,1
UR4731841,1
UR4729113,1
UR4724591,1
UR4722931,0
UR4722541,0
UR4607249,1
UR4587708,0
UR4587364,1
UR4582414,0
UR4580001,1
UR4522781,1
UR4520010,1
UR4499452,0
UR4498160,1
UR4470616,0
UR4469300,1
UR4468725,1
UR4467191,1
UR4464793,1
UR4460877,1
UR4456597,0
UR4456500,1
UR4451402,1
UR4448152,1
UR4446680,1
UR4417388,0
UR4399910,0
UR4397693,1
UR4392507,1
UR4385905,1
UR4370856,1
UR4368265,1
UR4368028,1
UR4365872,1
UR4360498,1
UR4360360,1
UR4354849,1
UR4352848,1
UR4344368,1
UR4344163,1
UR4335407,1
UR4334458,0
UR4329637,0
UR4321953,0
UR4316294,1
UR4316252,0
UR4311866,1
UR4309870,1
UR4309242,0
UR4299188,1
UR4250797,0
UR4247072,1
UR4243035,0
UR4242853,1
UR4240836,0
UR4234672,0
UR4232659,1
UR4229698,1
UR4164914,0
UR4159707,1
UR4157966,0
UR4153789,1
UR4142478,1
UR4138428,1
UR4131665,0
UR4131582,1
UR4129042,1
UR4127988,1
UR4111726,1
UR4109531,1
UR4105612,1
UR4093494,1
UR4091923,1
UR4091124,0
UR4085169,1
UR4074318,1
UR4074290,0
UR4073759,0
UR4052828,1
UR4048010,0
UR4045105,1
UR4044674,1
UR4041422,1
UR4041001,1
UR4039013,1
UR4038352,1
UR4025441,1
UR4022960,1
UR4022156,1
UR4019024,1
UR4017631,1
UR4004225,1
UR4001409,1
UR3998938,1
UR3993928,1
UR3985623,1
UR3985507,1
UR3985063,1
UR3984464,1
UR3980078,1
UR3979551,1
UR3979524,1
UR3946983,0
UR3944198,1
UR3939708,1
UR3936962,1
UR3935185,1
UR3927255,1
UR3926428,1
UR3915453,1
UR3910066,1
UR3907721,1
UR3900915,1
UR3900875,1
UR3895213,1
UR3893696,1
UR3893190,0
UR3888280,1
UR3886955,1
UR3882665,1
UR3881110,1
UR3880885,1
UR3879335,1
UR3847289,0
UR3843847,1
UR3835695,1
UR3824978,1
UR3815700,1
UR3815047,0
UR3812547,1
UR3811178,1
UR3809528,1
UR3807057,1
UR3806943,1
UR3804558,1
UR3801069,1
UR3798437,1
UR3796848,1
UR3794948,1
UR3793460,1
UR3793305,1
UR3792046,1
UR3779178,1
UR3777471,1
UR3760721,1
UR3758310,1
UR3757490,0
UR3757481,1
UR3755105,1
UR3752640,1
UR3751297,0
UR3751078,1
UR3744709,1
UR3743521,1
UR3738662,1
UR3737531,1
UR3736178,1
UR3736162,0
UR3733445,1
UR3728383,1
UR3727543,0
UR3723922,0
UR3721854,1
UR3721565,1
UR3721252,1
UR3708097,0
UR3703312,1
UR3698010,1
UR3697842,0
UR3696204,0
UR3693113,1
UR3690228,1
UR3690199,1
UR3684681,1
UR3675412,1
UR3674037,0
UR3663758,1
UR3663426,1
UR3656463,1
UR3654138,0
UR3651877,0
UR3649202,1
UR3646884,1
UR3644386,1
UR3639575,1
UR3638776,1
UR3632799,1
UR3631424,1
UR3629307,1
UR3619268,0
UR3610915,0
UR3605122,1
UR3589360,0
UR3588838,1
UR3559987,1
UR3549979,0
UR3549953,1
UR3547515,1
UR3542896,0
UR3540605,1
UR3536441,1
UR3529234,1
UR3528201,0
UR3527477,1
UR3523130,1
UR3522213,1
UR3519935,1
UR3511331,1
UR3508950,1
UR3507640,1
UR3500790,1
UR3495507,1
UR3493487,0
UR3483153,1
UR3481201,1
UR3475166,0
UR3459979,0
UR3458004,1
UR3448634,1
UR3448611,1
UR3447789,0
UR3443546,1
UR3438566,1
UR3437228,1
UR3433031,1
UR3432678,1
UR3426946,1
UR3426847,0
UR3426058,0
UR3424918,1
UR3424263,0
UR3389631,1
UR3371011,0
UR3370110,0
UR3355871,1
UR3353592,1
UR3349810,0
UR3348807,1
UR3345939,1
UR3344265,1
UR3341716,0
UR3340368,0
UR3330066,1
UR3327646,0
UR3318184,1
UR3316639,0
UR3312481,0
UR3298317,1
UR3297180,0
UR3296886,1
UR3284992,0
UR3282937,1
UR3279754,1
UR3277588,1
UR3267256,1
UR3266858,1
UR3265948,1
UR3265869,1
UR3261374,1
UR3259432,1
UR3254193,0
UR3253558,1
UR3229906,1
UR3220133,1
UR3211381,1
UR3185430,1
UR3181005,1
UR3172924,1
UR3167007,1
UR3119466,1
UR3100345,0
UR3100092,1
UR3097539,0
UR3096602,0
UR3086352,0
UR3084124,1
UR3028017,1
UR3025902,1
UR3023423,0
UR3022085,1
UR3013273,1
UR3005372,0
UR2984631,1
UR2978600,1
UR2970611,1
UR2960605,1
UR2887815,1
UR2882280,1
UR2854069,1
UR2842035,1
UR2836441,1
UR2829254,1
UR2825166,1
UR2823952,0
UR2814054,1
UR2811586,1
UR2811011,1
UR2806635,0
UR2793338,1
UR2792297,1
UR2792066,1
UR2789631,1
UR2784476,1
UR2765578,1
UR2760077,1
UR2758125,1
UR2701050,1
UR2701013,1
UR2699114,1
UR2699101,1
UR2663530,0
UR2646872,1
UR2638472,1
UR2622917,1
UR2619733,1
UR2618109,1
UR2617593,1
UR2616162,1
UR2612243,1
UR2609475,1
UR2607708,1
UR2607628,1
UR2603266,1
UR2600943,0
UR2597384,1
UR2590433,1
UR2587269,1
UR2582675,1
UR2580522,1
UR2570679,1
UR2518711,1
UR2517587,1
UR2515951,1
UR2515669,0
UR2506975,1
UR2505817,1
UR2504549,0
UR2504202,0
UR2502869,1
UR2502615,1
UR2497213,0
UR2491747,0
UR2484521,1
UR2478805,0
UR2478156,1
UR2477745,0
UR2458619,1
UR2457111,1
UR2456610,0
UR2451819,0
UR2450238,0
UR2443409,0
UR2442102,0
UR2440958,1
UR2439138,0
UR2438730,0
UR2438433,0
UR2430824,1
UR2428266,1
UR2423193,0
UR2417968,1
UR2349963,1
UR2346727,1
UR2329489,1
UR2321145,1
UR2319191,1
UR2315211,0
UR2310208,1
UR2308719,1
UR2305464,0
UR2304087,0
UR2292676,1
UR2283304,1
UR2282537,0
UR2270389,1
UR2266222,1
UR2265792,0
UR2229515,0
UR2207240,1
UR2188905,1
UR2187691,1
UR2184577,1
UR2179760,1
UR2171498,0
UR2150409,1
UR2150244,1
UR2093664,1
UR2081207,1
UR2077118,0
UR2071394,1
UR2063922,1
UR1878398,0
UR1853306,0
UR1852320,1
UR1844967,1
UR1838970,1
UR1834835,1
UR1803870,1
UR1785693,1
UR1776252,1
UR1775642,1
UR1774823,1
UR1767683,0
UR1750105,1
UR1749011,1
UR1747088,1
UR1733612,0
UR1733450,1
UR1732941,1
UR1726173,0
UR1720096,0
UR1715202,1
UR1714387,1
UR1710989,1
UR1663062,1
UR1660650,1
UR1659964,1
UR1647360,1
UR1543998,1
UR1536852,0
UR1536817,1
UR1533338,1
UR1530450,0
UR1518876,1
UR1509265,1
UR1508431,1
UR1503488,1
UR1501721,1
UR1499747,1
UR1496179,1
UR1492936,1
UR1487663,1
UR1481793,1
UR1447550,1
UR1439015,1
UR1430257,1
UR1400221,1
UR1397132,1
UR1394993,1
UR1385794,1
UR1385784,0
UR1377933,1
UR1375920,1
UR1373628,1
UR1371687,1
UR1354666,0
UR1346950,1
UR1346790,1
UR1342689,1
UR1342445,1
UR1278435,1
UR1275208,1
UR1274714,1
UR1273923,1
UR1272549,1
UR1269323,1
UR1260265,1
UR1258778,1
UR1238489,1
UR1236997,1
UR1230390,1
UR1224384,1
UR1208880,1
UR1208670,0
UR1201606,1
UR1154488,1
UR1150862,1
UR1148766,1
UR1144861,1
UR1137736,0
UR1132397,1
UR1119269,1
UR1108429,1
UR1103788,0
